-78.976470588235301 12.499999999999993
-68.352941176470594 11.754379562043788
-62.917647058823533 10.760218978102181
-60.941176470588239 10.263138686131391
-40.929411764705883 -3.9036496350365013
-36.235294117647065 -7.8802919708029222
-35.000000000000007 -10.117153284671538
-35.988235294117651 -12.602554744525548
-40.929411764705883 -21.550000000000004
-69.588235294117652 -52.617518248175188
-71.564705882352939 -54.605839416058394
-73.54117647058824 -55.600000000000001
-74.776470588235298 -53.114598540145984
-81.200000000000003 2.55839416058393
-80.458823529411774 9.7660583941605736
